00030000
000F0000
000E0000
00100000
000A0000
00080000
000C0000
00110000
000E0000
000A0000
00060000
000E0000
00080000
000B0000
00120000
00110000
00120000
00130000
00110000
00000000
00000000
00010000
00050000
00000000
00080000
00070000
000B0000
00130000
00060000
00070000
00120000
00070000
00020000
000A0000
00110000
00080000
000E0000
000D0000
00090000
00090000
00130000
00010000
00050000
00090000
000C0000
00120000
00090000
00090000
000F0000
00090000
00120000
00090000
000A0000
000A0000
00040000
00010000
00010000
00120000
00040000
00120000
000E0000
00120000
00130000
00020000
