00120000
00000000
00120000
00120000
000B0000
00020000
00030000
000E0000
00110000
00000000
000F0000
00140000
00070000
000D0000
00070000
00040000
00100000
000F0000
00050000
000C0000
00080000
00010000
00000000
000A0000
00050000
00070000
00060000
00030000
00080000
000E0000
00040000
000D0000
00090000
00090000
00030000
00040000
000C0000
00050000
000B0000
00130000
000F0000
000E0000
00140000
00100000
000C0000
00130000
00010000
00050000
00140000
00100000
00090000
000E0000
00080000
00070000
00040000
00080000
00000000
00090000
00070000
00140000
000B0000
00110000
00080000
00090000
