000C0000
000A0000
00120000
00130000
00110000
000E0000
000F0000
00120000
00010000
00070000
00000000
00110000
000A0000
00070000
00040000
000B0000
00060000
00010000
00010000
00010000
00080000
00020000
00090000
00120000
00070000
00020000
000B0000
00120000
00070000
00000000
00020000
00010000
000F0000
00090000
000E0000
000E0000
000B0000
000D0000
00120000
000D0000
00120000
00090000
00020000
00010000
000E0000
00060000
000E0000
000D0000
000B0000
000F0000
000A0000
000A0000
000A0000
00130000
00080000
00020000
00050000
000E0000
00110000
00140000
00040000
000F0000
000C0000
00080000
