000E0000
00000000
00020000
00130000
00140000
00000000
000A0000
00120000
00050000
00110000
00110000
000D0000
00000000
00070000
00120000
000E0000
00070000
000D0000
00050000
000B0000
00140000
00110000
00050000
000E0000
00070000
00140000
00010000
00050000
00110000
00010000
000B0000
00100000
000F0000
00020000
00090000
00070000
000A0000
000C0000
00030000
00130000
000D0000
00030000
000B0000
00130000
00100000
000E0000
00090000
00050000
000B0000
00050000
00060000
00130000
00120000
00100000
00130000
00030000
000A0000
000D0000
00130000
000D0000
00080000
000F0000
00110000
000C0000
