00090000
00030000
00060000
00060000
00120000
00050000
00060000
00080000
000E0000
00030000
00120000
00010000
00090000
00000000
000F0000
000E0000
00040000
000E0000
000B0000
00110000
000B0000
00120000
00080000
00070000
000A0000
00050000
00130000
00090000
00050000
00090000
000E0000
00080000
00030000
00110000
000C0000
00070000
00040000
00040000
000A0000
00090000
000F0000
00010000
00110000
000E0000
00020000
00120000
00040000
000C0000
000B0000
00030000
00000000
00100000
00100000
00080000
00010000
000C0000
00030000
000F0000
000B0000
00050000
00130000
000F0000
00120000
00010000
