00080000
00140000
000D0000
00120000
000A0000
00000000
000D0000
00040000
000B0000
000F0000
000C0000
000C0000
00090000
00050000
00090000
00000000
000C0000
00140000
00020000
00000000
00120000
00050000
00000000
00110000
00020000
00120000
00020000
00070000
000C0000
000C0000
000E0000
000D0000
00090000
00020000
000F0000
00050000
000D0000
00120000
00010000
00140000
00000000
00110000
00110000
00010000
000B0000
00130000
00060000
00100000
000C0000
00100000
00100000
00010000
00050000
000D0000
000A0000
00140000
000F0000
000B0000
00060000
00050000
00120000
00090000
00110000
00020000
