00110000
00140000
000B0000
00130000
000F0000
000B0000
00140000
00110000
00140000
000D0000
00070000
000A0000
00130000
00000000
00030000
00090000
000B0000
00010000
000D0000
00120000
00020000
00090000
00050000
00140000
000C0000
00050000
00020000
000B0000
00110000
00110000
00110000
00040000
000B0000
00120000
00020000
00110000
00120000
00040000
00010000
00090000
00110000
00090000
00080000
000A0000
00020000
00020000
00120000
000C0000
00050000
00120000
00010000
00090000
000F0000
00070000
00080000
000B0000
00120000
00100000
00010000
00050000
00070000
00120000
00080000
00050000
