000A0000
000A0000
000D0000
000F0000
00060000
00010000
00110000
00080000
00100000
00030000
00020000
00130000
00120000
00140000
00120000
00000000
000B0000
00140000
000A0000
00120000
00010000
00140000
00130000
000B0000
00090000
00070000
000F0000
00000000
00070000
00130000
000B0000
00090000
000A0000
00060000
00130000
00140000
000A0000
00140000
00090000
00080000
00040000
00040000
00110000
000F0000
000B0000
00110000
000A0000
000B0000
00040000
000C0000
00020000
00010000
000E0000
000C0000
00040000
00080000
000D0000
000B0000
00020000
00030000
00000000
00080000
000A0000
00030000
